{"producer":{"name":"Blender","version":"2.90.0","exporter_version":"6.4.4","file":"blond_wolf.babylon"},
"autoClear":true,"clearColor":[0.0509,0.0509,0.0509],"gravity":[0,-9.81,0],
"materials":[{"name":"main fur","id":"main fur","customType":"BABYLON.PBRMaterial","backFaceCulling":true,"checkReadyOnlyOnce":false,"maxSimultaneousLights":4,"environmentIntensity":1,"albedo":[0.723,0.623,0.1083],"reflectivity":[0.5,0.5,0.5],"roughness":0.5,"alpha":1,"transparencyMode":0,"alphaCutOff":0.4,"metallic":0},
{"name":"flesh","id":"flesh","customType":"BABYLON.PBRMaterial","backFaceCulling":true,"checkReadyOnlyOnce":false,"maxSimultaneousLights":4,"environmentIntensity":1,"albedo":[0.8,0.074,0.0683],"reflectivity":[0.5,0.5,0.5],"roughness":0.5,"alpha":1,"transparencyMode":0,"alphaCutOff":0.4,"metallic":0},
{"name":"secondary fur","id":"secondary fur","customType":"BABYLON.PBRMaterial","backFaceCulling":true,"checkReadyOnlyOnce":false,"maxSimultaneousLights":4,"environmentIntensity":1,"albedo":[1,1,1],"reflectivity":[0.5,0.5,0.5],"roughness":0.5,"alpha":1,"transparencyMode":0,"alphaCutOff":0.4,"metallic":0},
{"name":"claw and teeth","id":"claw and teeth","customType":"BABYLON.PBRMaterial","backFaceCulling":true,"checkReadyOnlyOnce":false,"maxSimultaneousLights":4,"environmentIntensity":1,"albedo":[0.8,0.8,0.8],"reflectivity":[0.5,0.5,0.5],"roughness":0.5,"alpha":1,"transparencyMode":0,"alphaCutOff":0.4,"metallic":0}],
"multiMaterials":[{"name":"blond_wolf.Multimaterial#0","id":"blond_wolf.Multimaterial#0","materials":["main fur","flesh","secondary fur","claw and teeth"]}],
"skeletons":[{"name":"metarig","id":0,"dimensionsAtRest":[4.3514,2.7315,0.7103],"bones":[
{"name":"spine.004","index":0,"matrix":[0,0,-1,0,-0.9928,0.1195,0,0,-0.1195,-0.9928,0,0,0.9604,2.2442,-0.0051,1],"rest":[0,0,-1,0,-0.9928,0.1195,0,0,-0.1195,-0.9928,0,0,0.9604,2.2442,-0.0051,1],"parentBoneIndex":-1,"length":0.2497
,"animation":{"dataType":3,"framePerSecond":24,"keys":[
{"frame":0,"values":[0,0,-1,0,-0.9928,0.1195,0,0,-0.1195,-0.9928,0,0,0.9604,2.2442,-0.0051,1]},
{"frame":1,"values":[0,0,-1,0,-0.99,0.1413,0,0,-0.1413,-0.99,0,0,0.948,2.2382,-0.0051,1]},
{"frame":2,"values":[0,0,-1,0,-0.9797,0.2003,0,0,-0.2003,-0.9797,0,0,0.9144,2.2217,-0.0051,1]},
{"frame":3,"values":[0,0,-1,0,-0.958,0.2869,0,0,-0.2869,-0.958,0,0,0.865,2.1974,-0.0051,1]},
{"frame":4,"values":[0,0,-1,0,-0.9208,0.39,0,0,-0.39,-0.9208,0,0,0.8049,2.1678,-0.0051,1]},
{"frame":5,"values":[0,0,-1,0,-0.8674,0.4976,0,0,-0.4976,-0.8674,0,0,0.7395,2.1357,-0.0051,1]},
{"frame":6,"values":[0,0,-1,0,-0.8015,0.598,0,0,-0.598,-0.8015,0,0,0.6742,2.1036,-0.0051,1]},
{"frame":7,"values":[0,0,-1,0,-0.7312,0.6822,0,0,-0.6822,-0.7312,0,0,0.6141,2.0741,-0.0051,1]},
{"frame":8,"values":[0,0,-1,0,-0.6674,0.7447,0,0,-0.7447,-0.6674,0,0,0.5646,2.0498,-0.0051,1]},
{"frame":9,"values":[0,0,-1,0,-0.6216,0.7833,0,0,-0.7833,-0.6216,0,0,0.531,2.0333,-0.0051,1]},
{"frame":10,"values":[0,0,-1,0,-0.6043,0.7967,0,0,-0.7967,-0.6043,0,0,0.5187,2.0272,-0.0051,1]},
{"frame":11,"values":[0,0,-1,0,-0.6216,0.7833,0,0,-0.7833,-0.6216,0,0,0.531,2.0333,-0.0051,1]},
{"frame":12,"values":[0,0,-1,0,-0.6674,0.7447,0,0,-0.7447,-0.6674,0,0,0.5646,2.0498,-0.0051,1]},
{"frame":13,"values":[0,0,-1,0,-0.7312,0.6822,0,0,-0.6822,-0.7312,0,0,0.6141,2.0741,-0.0051,1]},
{"frame":14,"values":[0,0,-1,0,-0.8015,0.598,0,0,-0.598,-0.8015,0,0,0.6742,2.1036,-0.0051,1]},
{"frame":15,"values":[0,0,-1,0,-0.8674,0.4976,0,0,-0.4976,-0.8674,0,0,0.7395,2.1357,-0.0051,1]},
{"frame":16,"values":[0,0,-1,0,-0.9208,0.39,0,0,-0.39,-0.9208,0,0,0.8049,2.1678,-0.0051,1]},
{"frame":17,"values":[0,0,-1,0,-0.958,0.2869,0,0,-0.2869,-0.958,0,0,0.865,2.1974,-0.0051,1]},
{"frame":18,"values":[0,0,-1,0,-0.9797,0.2003,0,0,-0.2003,-0.9797,0,0,0.9144,2.2217,-0.0051,1]},
{"frame":19,"values":[0,0,-1,0,-0.99,0.1413,0,0,-0.1413,-0.99,0,0,0.948,2.2382,-0.0051,1]},
{"frame":20,"values":[0,0,-1,0,-0.9928,0.1195,0,0,-0.1195,-0.9928,0,0,0.9604,2.2442,-0.0051,1]},
{"frame":30,"values":[0,0,-1,0,-0.9928,0.1195,0,0,-0.1195,-0.9928,0,0,0.9604,1.8704,-0.0051,1]},
{"frame":31,"values":[0,0,-1,0,-0.9928,0.1195,0,0,-0.1195,-0.9928,0,0,0.9604,1.8738,-0.0051,1]},
{"frame":32,"values":[0,0,-1,0,-0.9928,0.1195,0,0,-0.1195,-0.9928,0,0,0.9604,1.883,-0.0051,1]},
{"frame":33,"values":[0,0,-1,0,-0.9928,0.1195,0,0,-0.1195,-0.9928,0,0,0.9604,1.8966,-0.0051,1]},
{"frame":34,"values":[0,0,-1,0,-0.9928,0.1195,0,0,-0.1195,-0.9928,0,0,0.9604,1.9131,-0.0051,1]},
{"frame":35,"values":[0,0,-1,0,-0.9928,0.1195,0,0,-0.1195,-0.9928,0,0,0.9604,1.9311,-0.0051,1]},
{"frame":36,"values":[0,0,-1,0,-0.9928,0.1195,0,0,-0.1195,-0.9928,0,0,0.9604,1.949,-0.0051,1]},
{"frame":37,"values":[0,0,-1,0,-0.9928,0.1195,0,0,-0.1195,-0.9928,0,0,0.9604,1.9655,-0.0051,1]},
{"frame":38,"values":[0,0,-1,0,-0.9928,0.1195,0,0,-0.1195,-0.9928,0,0,0.9604,1.9791,-0.0051,1]},
{"frame":39,"values":[0,0,-1,0,-0.9928,0.1195,0,0,-0.1195,-0.9928,0,0,0.9604,1.9883,-0.0051,1]},
{"frame":40,"values":[0,0,-1,0,-0.9928,0.1195,0,0,-0.1195,-0.9928,0,0,0.9604,1.9917,-0.0051,1]},
{"frame":41,"values":[0,0,-1,0,-0.9928,0.1195,0,0,-0.1195,-0.9928,0,0,0.9604,1.9883,-0.0051,1]},
{"frame":42,"values":[0,0,-1,0,-0.9928,0.1195,0,0,-0.1195,-0.9928,0,0,0.9604,1.9791,-0.0051,1]},
{"frame":43,"values":[0,0,-1,0,-0.9928,0.1195,0,0,-0.1195,-0.9928,0,0,0.9604,1.9655,-0.0051,1]},
{"frame":44,"values":[0,0,-1,0,-0.9928,0.1195,0,0,-0.1195,-0.9928,0,0,0.9604,1.949,-0.0051,1]},
{"frame":45,"values":[0,0,-1,0,-0.9928,0.1195,0,0,-0.1195,-0.9928,0,0,0.9604,1.9311,-0.0051,1]},
{"frame":46,"values":[0,0,-1,0,-0.9928,0.1195,0,0,-0.1195,-0.9928,0,0,0.9604,1.9131,-0.0051,1]},
{"frame":47,"values":[0,0,-1,0,-0.9928,0.1195,0,0,-0.1195,-0.9928,0,0,0.9604,1.8966,-0.0051,1]},
{"frame":48,"values":[0,0,-1,0,-0.9928,0.1195,0,0,-0.1195,-0.9928,0,0,0.9604,1.883,-0.0051,1]},
{"frame":49,"values":[0,0,-1,0,-0.9928,0.1195,0,0,-0.1195,-0.9928,0,0,0.9604,1.8738,-0.0051,1]},
{"frame":50,"values":[0,0,-1,0,-0.9928,0.1195,0,0,-0.1195,-0.9928,0,0,0.9604,1.8704,-0.0051,1]}],"loopBehavior":1,"name":"anim","property":"_matrix"}},
{"name":"spine.003","index":1,"matrix":[1,0,0,0,0,-0.9951,0.0991,0,0,-0.0991,-0.9951,0,0,0,0,1],"rest":[1,0,0,0,0,-0.9951,0.0991,0,0,-0.0991,-0.9951,0,0,0,0,1],"parentBoneIndex":0,"length":0.6317
,"animation":{"dataType":3,"framePerSecond":24,"keys":[
{"frame":0,"values":[1,0,0,0,0,-0.9951,0.0991,0,0,-0.0991,-0.9951,0,0,0,0,1]},
{"frame":1,"values":[1,0,0,0,0,-0.9997,0.0224,0,0,-0.0224,-0.9997,0,0,0,0,1]},
{"frame":2,"values":[1,0,0,0,0,-0.9866,-0.1633,0,0,0.1633,-0.9866,0,0,0,0,1]},
{"frame":3,"values":[1,0,0,0,0,-0.9253,-0.3792,0,0,0.3792,-0.9253,0,0,0,0,1]},
{"frame":4,"values":[1,0,0,0,0,-0.839,-0.5442,0,0,0.5442,-0.839,0,0,0,0,1]},
{"frame":5,"values":[1,0,0,0,0,-0.7947,-0.607,0,0,0.607,-0.7947,0,0,0,0,1]},
{"frame":6,"values":[1,0,0,0,0,-0.839,-0.5442,0,0,0.5442,-0.839,0,0,0,0,1]},
{"frame":7,"values":[1,0,0,0,0,-0.9253,-0.3792,0,0,0.3792,-0.9253,0,0,0,0,1]},
{"frame":8,"values":[1,0,0,0,0,-0.9866,-0.1633,0,0,0.1633,-0.9866,0,0,0,0,1]},
{"frame":9,"values":[1,0,0,0,0,-0.9997,0.0224,0,0,-0.0224,-0.9997,0,0,0,0,1]},
{"frame":10,"values":[1,0,0,0,0,-0.9951,0.0991,0,0,-0.0991,-0.9951,0,0,0,0,1]},
{"frame":11,"values":[1,0,0,0,0,-0.9999,0.0126,0,0,-0.0126,-0.9999,0,0,0,0,1]},
{"frame":12,"values":[1,0,0,0,0,-0.9803,-0.1974,0,0,0.1974,-0.9803,0,0,0,0,1]},
{"frame":13,"values":[1,0,0,0,0,-0.8986,-0.4388,0,0,0.4388,-0.8986,0,0,0,0,1]},
{"frame":14,"values":[1,0,0,0,0,-0.7865,-0.6175,0,0,0.6175,-0.7865,0,0,0,0,1]},
{"frame":15,"values":[1,0,0,0,0,-0.7301,-0.6833,0,0,0.6833,-0.7301,0,0,0,0,1]},
{"frame":16,"values":[1,0,0,0,0,-0.7865,-0.6175,0,0,0.6175,-0.7865,0,0,0,0,1]},
{"frame":17,"values":[1,0,0,0,0,-0.8986,-0.4388,0,0,0.4388,-0.8986,0,0,0,0,1]},
{"frame":18,"values":[1,0,0,0,0,-0.9803,-0.1974,0,0,0.1974,-0.9803,0,0,0,0,1]},
{"frame":19,"values":[1,0,0,0,0,-0.9999,0.0126,0,0,-0.0126,-0.9999,0,0,0,0,1]},
{"frame":20,"values":[1,0,0,0,0,-0.9951,0.0991,0,0,-0.0991,-0.9951,0,0,0,0,1]},
{"frame":30,"values":[1,0,0,0,0,-0.9951,0.0991,0,0,-0.0991,-0.9951,0,0,0,0,1]},
{"frame":50,"values":[1,0,0,0,0,-0.9951,0.0991,0,0,-0.0991,-0.9951,0,0,0,0,1]}],"loopBehavior":1,"name":"anim","property":"_matrix"}},
{"name":"spine.002","index":2,"matrix":[1,0,0,0,0,0.9231,-0.3845,0,0,0.3845,0.9231,0,0,0.6317,0,1],"rest":[1,0,0,0,0,0.9231,-0.3845,0,0,0.3845,0.9231,0,0,0.6317,0,1],"parentBoneIndex":1,"length":0.2629
,"animation":{"dataType":3,"framePerSecond":24,"keys":[
{"frame":0,"values":[1,0,0,0,0,0.9231,-0.3845,0,0,0.3845,0.9231,0,0,0.6317,0,1]},
{"frame":1,"values":[1,0,0,0,0,0.9487,-0.3162,0,0,0.3162,0.9487,0,0,0.6317,0,1]},
{"frame":2,"values":[1,0,0,0,0,0.9895,-0.1446,0,0,0.1446,0.9895,0,0,0.6317,0,1]},
{"frame":3,"values":[1,0,0,0,0,0.9977,0.0675,0,0,-0.0675,0.9977,0,0,0.6317,0,1]},
{"frame":4,"values":[1,0,0,0,0,0.9703,0.2418,0,0,-0.2418,0.9703,0,0,0.6317,0,1]},
{"frame":5,"values":[1,0,0,0,0,0.9501,0.3118,0,0,-0.3118,0.9501,0,0,0.6317,0,1]},
{"frame":6,"values":[1,0,0,0,0,0.9703,0.2418,0,0,-0.2418,0.9703,0,0,0.6317,0,1]},
{"frame":7,"values":[1,0,0,0,0,0.9977,0.0675,0,0,-0.0675,0.9977,0,0,0.6317,0,1]},
{"frame":8,"values":[1,0,0,0,0,0.9895,-0.1446,0,0,0.1446,0.9895,0,0,0.6317,0,1]},
{"frame":9,"values":[1,0,0,0,0,0.9487,-0.3162,0,0,0.3162,0.9487,0,0,0.6317,0,1]},
{"frame":10,"values":[1,0,0,0,0,0.9231,-0.3845,0,0,0.3845,0.9231,0,0,0.6317,0,1]},
{"frame":11,"values":[1,0,0,0,0,0.9387,-0.3447,0,0,0.3447,0.9387,0,0,0.6317,0,1]},
{"frame":12,"values":[1,0,0,0,0,0.9691,-0.2468,0,0,0.2468,0.9691,0,0,0.6317,0,1]},
{"frame":13,"values":[1,0,0,0,0,0.992,-0.1263,0,0,0.1263,0.992,0,0,0.6317,0,1]},
{"frame":14,"values":[1,0,0,0,0,0.9997,-0.0242,0,0,0.0242,0.9997,0,0,0.6317,0,1]},
{"frame":15,"values":[1,0,0,0,0,0.9998,0.0186,0,0,-0.0186,0.9998,0,0,0.6317,0,1]},
{"frame":16,"values":[1,0,0,0,0,0.9997,-0.0242,0,0,0.0242,0.9997,0,0,0.6317,0,1]},
{"frame":17,"values":[1,0,0,0,0,0.992,-0.1263,0,0,0.1263,0.992,0,0,0.6317,0,1]},
{"frame":18,"values":[1,0,0,0,0,0.9691,-0.2468,0,0,0.2468,0.9691,0,0,0.6317,0,1]},
{"frame":19,"values":[1,0,0,0,0,0.9387,-0.3447,0,0,0.3447,0.9387,0,0,0.6317,0,1]},
{"frame":20,"values":[1,0,0,0,0,0.9231,-0.3845,0,0,0.3845,0.9231,0,0,0.6317,0,1]},
{"frame":30,"values":[1,0,0,0,0,0.9231,-0.3845,0,0,0.3845,0.9231,0,0,0.6317,0,1]},
{"frame":31,"values":[1,0,0,0,0,0.9442,-0.3295,0,0,0.3295,0.9442,0,0,0.6317,0,1]},
{"frame":32,"values":[1,0,0,0,0,0.9812,-0.1927,0,0,0.1927,0.9812,0,0,0.6317,0,1]},
{"frame":33,"values":[1,0,0,0,0,0.9997,-0.0237,0,0,0.0237,0.9997,0,0,0.6317,0,1]},
{"frame":34,"values":[1,0,0,0,0,0.993,0.1178,0,0,-0.1178,0.993,0,0,0.6317,0,1]},
{"frame":35,"values":[1,0,0,0,0,0.9844,0.1761,0,0,-0.1761,0.9844,0,0,0.6317,0,1]},
{"frame":36,"values":[1,0,0,0,0,0.993,0.1178,0,0,-0.1178,0.993,0,0,0.6317,0,1]},
{"frame":37,"values":[1,0,0,0,0,0.9997,-0.0237,0,0,0.0237,0.9997,0,0,0.6317,0,1]},
{"frame":38,"values":[1,0,0,0,0,0.9812,-0.1927,0,0,0.1927,0.9812,0,0,0.6317,0,1]},
{"frame":39,"values":[1,0,0,0,0,0.9442,-0.3295,0,0,0.3295,0.9442,0,0,0.6317,0,1]},
{"frame":40,"values":[1,0,0,0,0,0.9231,-0.3845,0,0,0.3845,0.9231,0,0,0.6317,0,1]},
{"frame":41,"values":[1,0,0,0,0,0.9442,-0.3295,0,0,0.3295,0.9442,0,0,0.6317,0,1]},
{"frame":42,"values":[1,0,0,0,0,0.9812,-0.1927,0,0,0.1927,0.9812,0,0,0.6317,0,1]},
{"frame":43,"values":[1,0,0,0,0,0.9997,-0.0237,0,0,0.0237,0.9997,0,0,0.6317,0,1]},
{"frame":44,"values":[1,0,0,0,0,0.993,0.1178,0,0,-0.1178,0.993,0,0,0.6317,0,1]},
{"frame":45,"values":[1,0,0,0,0,0.9844,0.1761,0,0,-0.1761,0.9844,0,0,0.6317,0,1]},
{"frame":46,"values":[1,0,0,0,0,0.993,0.1178,0,0,-0.1178,0.993,0,0,0.6317,0,1]},
{"frame":47,"values":[1,0,0,0,0,0.9997,-0.0237,0,0,0.0237,0.9997,0,0,0.6317,0,1]},
{"frame":48,"values":[1,0,0,0,0,0.9812,-0.1927,0,0,0.1927,0.9812,0,0,0.6317,0,1]},
{"frame":49,"values":[1,0,0,0,0,0.9442,-0.3295,0,0,0.3295,0.9442,0,0,0.6317,0,1]},
{"frame":50,"values":[1,0,0,0,0,0.9231,-0.3845,0,0,0.3845,0.9231,0,0,0.6317,0,1]}],"loopBehavior":1,"name":"anim","property":"_matrix"}},
{"name":"spine.001","index":3,"matrix":[1,0,0,0,0,0.9376,-0.3478,0,0,0.3478,0.9376,0,0,0.2629,0,1],"rest":[1,0,0,0,0,0.9376,-0.3478,0,0,0.3478,0.9376,0,0,0.2629,0,1],"parentBoneIndex":2,"length":0.2402
,"animation":{"dataType":3,"framePerSecond":24,"keys":[
{"frame":0,"values":[1,0,0,0,0,0.9376,-0.3478,0,0,0.3478,0.9376,0,0,0.2629,0,1]},
{"frame":1,"values":[1,0,0,0,0,0.9648,-0.2629,0,0,0.2629,0.9648,0,0,0.2629,0,1]},
{"frame":2,"values":[1,0,0,0,0,0.9988,-0.0482,0,0,0.0482,0.9988,0,0,0.2629,0,1]},
{"frame":3,"values":[1,0,0,0,0,0.9769,0.2138,0,0,-0.2138,0.9769,0,0,0.2629,0,1]},
{"frame":4,"values":[1,0,0,0,0,0.9076,0.4198,0,0,-0.4198,0.9076,0,0,0.2629,0,1]},
{"frame":5,"values":[1,0,0,0,0,0.8666,0.499,0,0,-0.499,0.8666,0,0,0.2629,0,1]},
{"frame":6,"values":[1,0,0,0,0,0.9076,0.4198,0,0,-0.4198,0.9076,0,0,0.2629,0,1]},
{"frame":7,"values":[1,0,0,0,0,0.9769,0.2138,0,0,-0.2138,0.9769,0,0,0.2629,0,1]},
{"frame":8,"values":[1,0,0,0,0,0.9988,-0.0482,0,0,0.0482,0.9988,0,0,0.2629,0,1]},
{"frame":9,"values":[1,0,0,0,0,0.9648,-0.2629,0,0,0.2629,0.9648,0,0,0.2629,0,1]},
{"frame":10,"values":[1,0,0,0,0,0.9376,-0.3478,0,0,0.3478,0.9376,0,0,0.2629,0,1]},
{"frame":20,"values":[1,0,0,0,0,0.9376,-0.3478,0,0,0.3478,0.9376,0,0,0.2629,0,1]},
{"frame":30,"values":[1,0,0,0,0,0.9376,-0.3478,0,0,0.3478,0.9376,0,0,0.2629,0,1]},
{"frame":31,"values":[1,0,0,0,0,0.9518,-0.3066,0,0,0.3066,0.9518,0,0,0.2629,0,1]},
{"frame":32,"values":[1,0,0,0,0,0.9786,-0.2058,0,0,0.2058,0.9786,0,0,0.2629,0,1]},
{"frame":33,"values":[1,0,0,0,0,0.9966,-0.0822,0,0,0.0822,0.9966,0,0,0.2629,0,1]},
{"frame":34,"values":[1,0,0,0,0,0.9998,0.0221,0,0,-0.0221,0.9998,0,0,0.2629,0,1]},
{"frame":35,"values":[1,0,0,0,0,0.9979,0.0655,0,0,-0.0655,0.9979,0,0,0.2629,0,1]},
{"frame":36,"values":[1,0,0,0,0,0.9998,0.0221,0,0,-0.0221,0.9998,0,0,0.2629,0,1]},
{"frame":37,"values":[1,0,0,0,0,0.9966,-0.0822,0,0,0.0822,0.9966,0,0,0.2629,0,1]},
{"frame":38,"values":[1,0,0,0,0,0.9786,-0.2058,0,0,0.2058,0.9786,0,0,0.2629,0,1]},
{"frame":39,"values":[1,0,0,0,0,0.9518,-0.3066,0,0,0.3066,0.9518,0,0,0.2629,0,1]},
{"frame":40,"values":[1,0,0,0,0,0.9376,-0.3478,0,0,0.3478,0.9376,0,0,0.2629,0,1]},
{"frame":41,"values":[1,0,0,0,0,0.9518,-0.3066,0,0,0.3066,0.9518,0,0,0.2629,0,1]},
{"frame":42,"values":[1,0,0,0,0,0.9786,-0.2058,0,0,0.2058,0.9786,0,0,0.2629,0,1]},
{"frame":43,"values":[1,0,0,0,0,0.9966,-0.0822,0,0,0.0822,0.9966,0,0,0.2629,0,1]},
{"frame":44,"values":[1,0,0,0,0,0.9998,0.0221,0,0,-0.0221,0.9998,0,0,0.2629,0,1]},
{"frame":45,"values":[1,0,0,0,0,0.9979,0.0655,0,0,-0.0655,0.9979,0,0,0.2629,0,1]},
{"frame":46,"values":[1,0,0,0,0,0.9998,0.0221,0,0,-0.0221,0.9998,0,0,0.2629,0,1]},
{"frame":47,"values":[1,0,0,0,0,0.9966,-0.0822,0,0,0.0822,0.9966,0,0,0.2629,0,1]},
{"frame":48,"values":[1,0,0,0,0,0.9786,-0.2058,0,0,0.2058,0.9786,0,0,0.2629,0,1]},
{"frame":49,"values":[1,0,0,0,0,0.9518,-0.3066,0,0,0.3066,0.9518,0,0,0.2629,0,1]},
{"frame":50,"values":[1,0,0,0,0,0.9376,-0.3478,0,0,0.3478,0.9376,0,0,0.2629,0,1]}],"loopBehavior":1,"name":"anim","property":"_matrix"}},
{"name":"spine","index":4,"matrix":[1,0,0,0,0,0.9031,-0.4294,0,0,0.4294,0.9031,0,0,0.2402,0,1],"rest":[1,0,0,0,0,0.9031,-0.4294,0,0,0.4294,0.9031,0,0,0.2402,0,1],"parentBoneIndex":3,"length":0.2082
,"animation":{"dataType":3,"framePerSecond":24,"keys":[
{"frame":0,"values":[1,0,0,0,0,0.9031,-0.4294,0,0,0.4294,0.9031,0,0,0.2402,0,1]},
{"frame":1,"values":[1,0,0,0,0,0.9173,-0.3981,0,0,0.3981,0.9173,0,0,0.2402,0,1]},
{"frame":2,"values":[1,0,0,0,0,0.9469,-0.3214,0,0,0.3214,0.9469,0,0,0.2402,0,1]},
{"frame":3,"values":[1,0,0,0,0,0.9739,-0.2269,0,0,0.2269,0.9739,0,0,0.2402,0,1]},
{"frame":4,"values":[1,0,0,0,0,0.9893,-0.1461,0,0,0.1461,0.9893,0,0,0.2402,0,1]},
{"frame":5,"values":[1,0,0,0,0,0.9937,-0.112,0,0,0.112,0.9937,0,0,0.2402,0,1]},
{"frame":6,"values":[1,0,0,0,0,0.9893,-0.1461,0,0,0.1461,0.9893,0,0,0.2402,0,1]},
{"frame":7,"values":[1,0,0,0,0,0.9739,-0.2269,0,0,0.2269,0.9739,0,0,0.2402,0,1]},
{"frame":8,"values":[1,0,0,0,0,0.9469,-0.3214,0,0,0.3214,0.9469,0,0,0.2402,0,1]},
{"frame":9,"values":[1,0,0,0,0,0.9173,-0.3981,0,0,0.3981,0.9173,0,0,0.2402,0,1]},
{"frame":10,"values":[1,0,0,0,0,0.9031,-0.4294,0,0,0.4294,0.9031,0,0,0.2402,0,1]},
{"frame":20,"values":[1,0,0,0,0,0.9031,-0.4294,0,0,0.4294,0.9031,0,0,0.2402,0,1]},
{"frame":30,"values":[1,0,0,0,0,0.9031,-0.4294,0,0,0.4294,0.9031,0,0,0.2402,0,1]},
{"frame":31,"values":[1,0,0,0,0,0.9402,-0.3407,0,0,0.3407,0.9402,0,0,0.2402,0,1]},
{"frame":32,"values":[1,0,0,0,0,0.9937,-0.1118,0,0,0.1118,0.9937,0,0,0.2402,0,1]},
{"frame":33,"values":[1,0,0,0,0,0.9849,0.1732,0,0,-0.1732,0.9849,0,0,0.2402,0,1]},
{"frame":34,"values":[1,0,0,0,0,0.9172,0.3984,0,0,-0.3984,0.9172,0,0,0.2402,0,1]},
{"frame":35,"values":[1,0,0,0,0,0.8747,0.4846,0,0,-0.4846,0.8747,0,0,0.2402,0,1]},
{"frame":36,"values":[1,0,0,0,0,0.9172,0.3984,0,0,-0.3984,0.9172,0,0,0.2402,0,1]},
{"frame":37,"values":[1,0,0,0,0,0.9849,0.1732,0,0,-0.1732,0.9849,0,0,0.2402,0,1]},
{"frame":38,"values":[1,0,0,0,0,0.9937,-0.1118,0,0,0.1118,0.9937,0,0,0.2402,0,1]},
{"frame":39,"values":[1,0,0,0,0,0.9402,-0.3407,0,0,0.3407,0.9402,0,0,0.2402,0,1]},
{"frame":40,"values":[1,0,0,0,0,0.9031,-0.4294,0,0,0.4294,0.9031,0,0,0.2402,0,1]},
{"frame":41,"values":[1,0,0,0,0,0.9402,-0.3407,0,0,0.3407,0.9402,0,0,0.2402,0,1]},
{"frame":42,"values":[1,0,0,0,0,0.9937,-0.1118,0,0,0.1118,0.9937,0,0,0.2402,0,1]},
{"frame":43,"values":[1,0,0,0,0,0.9849,0.1732,0,0,-0.1732,0.9849,0,0,0.2402,0,1]},
{"frame":44,"values":[1,0,0,0,0,0.9172,0.3984,0,0,-0.3984,0.9172,0,0,0.2402,0,1]},
{"frame":45,"values":[1,0,0,0,0,0.8747,0.4846,0,0,-0.4846,0.8747,0,0,0.2402,0,1]},
{"frame":46,"values":[1,0,0,0,0,0.9172,0.3984,0,0,-0.3984,0.9172,0,0,0.2402,0,1]},
{"frame":47,"values":[1,0,0,0,0,0.9849,0.1732,0,0,-0.1732,0.9849,0,0,0.2402,0,1]},
{"frame":48,"values":[1,0,0,0,0,0.9937,-0.1118,0,0,0.1118,0.9937,0,0,0.2402,0,1]},
{"frame":49,"values":[1,0,0,0,0,0.9402,-0.3407,0,0,0.3407,0.9402,0,0,0.2402,0,1]},
{"frame":50,"values":[1,0,0,0,0,0.9031,-0.4294,0,0,0.4294,0.9031,0,0,0.2402,0,1]}],"loopBehavior":1,"name":"anim","property":"_matrix"}},
{"name":"spine.005","index":5,"matrix":[1,0,0,0,0,0.9618,0.2739,0,0,-0.2739,0.9618,0,0,0.2497,0,1],"rest":[1,0,0,0,0,0.9618,0.2739,0,0,-0.2739,0.9618,0,0,0.2497,0,1],"parentBoneIndex":0,"length":0.5018
,"animation":{"dataType":3,"framePerSecond":24,"keys":[
{"frame":0,"values":[1,0,0,0,0,0.9618,0.2739,0,0,-0.2739,0.9618,0,0,0.2497,0,1]},
{"frame":20,"values":[1,0,0,0,0,0.9618,0.2739,0,0,-0.2739,0.9618,0,0,0.2497,0,1]},
{"frame":30,"values":[1,0,0,0,0,0.9618,0.2739,0,0,-0.2739,0.9618,0,0,0.2497,0,1]},
{"frame":50,"values":[1,0,0,0,0,0.9618,0.2739,0,0,-0.2739,0.9618,0,0,0.2497,0,1]}],"loopBehavior":1,"name":"anim","property":"_matrix"}},
{"name":"spine.006","index":6,"matrix":[1,0,0,0,0,0.9924,-0.1229,0,0,0.1229,0.9924,0,0,0.5018,0,1],"rest":[1,0,0,0,0,0.9924,-0.1229,0,0,0.1229,0.9924,0,0,0.5018,0,1],"parentBoneIndex":5,"length":0.4222
,"animation":{"dataType":3,"framePerSecond":24,"keys":[
{"frame":0,"values":[1,0,0,0,0,0.9924,-0.1229,0,0,0.1229,0.9924,0,0,0.5018,0,1]},
{"frame":20,"values":[1,0,0,0,0,0.9924,-0.1229,0,0,0.1229,0.9924,0,0,0.5018,0,1]},
{"frame":30,"values":[1,0,0,0,0,0.9924,-0.1229,0,0,0.1229,0.9924,0,0,0.5018,0,1]},
{"frame":50,"values":[1,0,0,0,0,0.9924,-0.1229,0,0,0.1229,0.9924,0,0,0.5018,0,1]}],"loopBehavior":1,"name":"anim","property":"_matrix"}},
{"name":"spine.007","index":7,"matrix":[1,0,0,0,0,0.9805,-0.1963,0,0,0.1963,0.9805,0,0,0.4222,0,1],"rest":[1,0,0,0,0,0.9805,-0.1963,0,0,0.1963,0.9805,0,0,0.4222,0,1],"parentBoneIndex":6,"length":0.3743
,"animation":{"dataType":3,"framePerSecond":24,"keys":[
{"frame":0,"values":[1,0,0,0,0,0.9805,-0.1963,0,0,0.1963,0.9805,0,0,0.4222,0,1]},
{"frame":20,"values":[1,0,0,0,0,0.9805,-0.1963,0,0,0.1963,0.9805,0,0,0.4222,0,1]},
{"frame":30,"values":[1,0,0,0,0,0.9805,-0.1963,0,0,0.1963,0.9805,0,0,0.4222,0,1]},
{"frame":50,"values":[1,0,0,0,0,0.9805,-0.1963,0,0,0.1963,0.9805,0,0,0.4222,0,1]}],"loopBehavior":1,"name":"anim","property":"_matrix"}},
{"name":"spine.008","index":8,"matrix":[1,0,0,0,0,1,0.0017,0,0,-0.0017,1,0,0,0.3743,0,1],"rest":[1,0,0,0,0,1,0.0017,0,0,-0.0017,1,0,0,0.3743,0,1],"parentBoneIndex":7,"length":0.76
,"animation":{"dataType":3,"framePerSecond":24,"keys":[
{"frame":0,"values":[1,0,0,0,0,1,0.0017,0,0,-0.0017,1,0,0,0.3743,0,1]},
{"frame":20,"values":[1,0,0,0,0,1,0.0017,0,0,-0.0017,1,0,0,0.3743,0,1]},
{"frame":30,"values":[1,0,0,0,0,1,0.0017,0,0,-0.0017,1,0,0,0.3743,0,1]},
{"frame":50,"values":[1,0,0,0,0,1,0.0017,0,0,-0.0017,1,0,0,0.3743,0,1]}],"loopBehavior":1,"name":"anim","property":"_matrix"}},
{"name":"spine.009","index":9,"matrix":[1,0,0,0,0,0.9876,-0.1572,0,0,0.1572,0.9876,0,0,0.76,0,1],"rest":[1,0,0,0,0,0.9876,-0.1572,0,0,0.1572,0.9876,0,0,0.76,0,1],"parentBoneIndex":8,"length":0.1902
,"animation":{"dataType":3,"framePerSecond":24,"keys":[
{"frame":0,"values":[1,0,0,0,0,0.9876,-0.1572,0,0,0.1572,0.9876,0,0,0.76,0,1]},
{"frame":20,"values":[1,0,0,0,0,0.9876,-0.1572,0,0,0.1572,0.9876,0,0,0.76,0,1]},
{"frame":30,"values":[1,0,0,0,0,0.9876,-0.1572,0,0,0.1572,0.9876,0,0,0.76,0,1]},
{"frame":50,"values":[1,0,0,0,0,0.9876,-0.1572,0,0,0.1572,0.9876,0,0,0.76,0,1]}],"loopBehavior":1,"name":"anim","property":"_matrix"}},
{"name":"spine.010","index":10,"matrix":[1,0,0,0,0,1,-0.0014,0,0,0.0014,1,0,0,0.1902,0,1],"rest":[1,0,0,0,0,1,-0.0014,0,0,0.0014,1,0,0,0.1902,0,1],"parentBoneIndex":9,"length":0.1903
,"animation":{"dataType":3,"framePerSecond":24,"keys":[
{"frame":0,"values":[1,0,0,0,0,1,-0.0014,0,0,0.0014,1,0,0,0.1902,0,1]},
{"frame":20,"values":[1,0,0,0,0,1,-0.0014,0,0,0.0014,1,0,0,0.1902,0,1]},
{"frame":30,"values":[1,0,0,0,0,1,-0.0014,0,0,0.0014,1,0,0,0.1902,0,1]},
{"frame":50,"values":[1,0,0,0,0,1,-0.0014,0,0,0.0014,1,0,0,0.1902,0,1]}],"loopBehavior":1,"name":"anim","property":"_matrix"}},
{"name":"spine.011","index":11,"matrix":[1,0,0,0,0,0.9767,-0.2144,0,0,0.2144,0.9767,0,0,0.1903,0,1],"rest":[1,0,0,0,0,0.9767,-0.2144,0,0,0.2144,0.9767,0,0,0.1903,0,1],"parentBoneIndex":10,"length":0.5632
,"animation":{"dataType":3,"framePerSecond":24,"keys":[
{"frame":0,"values":[1,0,0,0,0,0.9767,-0.2144,0,0,0.2144,0.9767,0,0,0.1903,0,1]},
{"frame":20,"values":[1,0,0,0,0,0.9767,-0.2144,0,0,0.2144,0.9767,0,0,0.1903,0,1]},
{"frame":30,"values":[1,0,0,0,0,0.9767,-0.2144,0,0,0.2144,0.9767,0,0,0.1903,0,1]},
{"frame":50,"values":[1,0,0,0,0,0.9767,-0.2144,0,0,0.2144,0.9767,0,0,0.1903,0,1]}],"loopBehavior":1,"name":"anim","property":"_matrix"}},
{"name":"shoulder.L","index":12,"matrix":[0.9336,0.0663,-0.352,0,0.3225,0.2725,0.9065,0,0.156,-0.9599,0.2331,0,0.1695,0.4825,-0.1356,1],"rest":[0.9336,0.0663,-0.352,0,0.3225,0.2725,0.9065,0,0.156,-0.9599,0.2331,0,0.1695,0.4825,-0.1356,1],"parentBoneIndex":8,"length":0.5758
,"animation":{"dataType":3,"framePerSecond":24,"keys":[
{"frame":0,"values":[0.9336,0.0663,-0.352,0,0.3225,0.2725,0.9065,0,0.156,-0.9599,0.2331,0,0.1695,0.4825,-0.1356,1]},
{"frame":20,"values":[0.9336,0.0663,-0.352,0,0.3225,0.2725,0.9065,0,0.156,-0.9599,0.2331,0,0.1695,0.4825,-0.1356,1]},
{"frame":30,"values":[0.9336,0.0663,-0.352,0,0.3225,0.2725,0.9065,0,0.156,-0.9599,0.2331,0,0.1695,0.4825,-0.1356,1]},
{"frame":50,"values":[0.9336,0.0663,-0.352,0,0.3225,0.2725,0.9065,0,0.156,-0.9599,0.2331,0,0.1695,0.4825,-0.1356,1]}],"loopBehavior":1,"name":"anim","property":"_matrix"}},
{"name":"front_thigh.L","index":13,"matrix":[0.9336,0.3225,0.156,0,-0.339,0.6548,0.6755,0,0.1157,-0.6836,0.7207,0,-0.1069,0.5264,0.0568,1],"rest":[0.9336,0.3225,0.156,0,-0.339,0.6548,0.6755,0,0.1157,-0.6836,0.7207,0,-0.1069,0.5264,0.0568,1],"parentBoneIndex":12,"length":0.7528
,"animation":{"dataType":3,"framePerSecond":24,"keys":[
{"frame":0,"values":[0.9336,0.3225,0.156,0,-0.339,0.6548,0.6755,0,0.1157,-0.6836,0.7207,0,-0.1069,0.5264,0.0568,1]},
{"frame":20,"values":[0.9336,0.3225,0.156,0,-0.339,0.6548,0.6755,0,0.1157,-0.6836,0.7207,0,-0.1069,0.5264,0.0568,1]},
{"frame":30,"values":[0.9336,0.3225,0.156,0,-0.339,0.6548,0.6755,0,0.1157,-0.6836,0.7207,0,-0.1069,0.5264,0.0568,1]},
{"frame":50,"values":[0.9336,0.3225,0.156,0,-0.339,0.6548,0.6755,0,0.1157,-0.6836,0.7207,0,-0.1069,0.5264,0.0568,1]}],"loopBehavior":1,"name":"anim","property":"_matrix"}},
{"name":"front_shin.L","index":14,"matrix":[0.9981,0.0589,0.0207,0,-0.0495,0.9489,-0.3116,0,-0.038,0.31,0.95,0,0,0.7528,0,1],"rest":[0.9981,0.0589,0.0207,0,-0.0495,0.9489,-0.3116,0,-0.038,0.31,0.95,0,0,0.7528,0,1],"parentBoneIndex":13,"length":0.7749
,"animation":{"dataType":3,"framePerSecond":24,"keys":[
{"frame":0,"values":[0.9981,0.0589,0.0207,0,-0.0495,0.9489,-0.3116,0,-0.038,0.31,0.95,0,0,0.7528,0,1]},
{"frame":1,"values":[0.9981,0.0596,0.0186,0,-0.0495,0.9373,-0.345,0,-0.038,0.3434,0.9384,0,0,0.7528,0,1]},
{"frame":2,"values":[0.9981,0.0611,0.0126,0,-0.0495,0.899,-0.4351,0,-0.038,0.4336,0.9003,0,0,0.7528,0,1]},
{"frame":3,"values":[0.9981,0.0623,0.0034,0,-0.0495,0.8242,-0.5641,0,-0.038,0.5628,0.8257,0,0,0.7528,0,1]},
{"frame":4,"values":[0.9981,0.0619,-0.0083,0,-0.0495,0.7046,-0.7079,0,-0.038,0.7069,0.7063,0,0,0.7528,0,1]},
{"frame":5,"values":[0.9981,0.0588,-0.0209,0,-0.0495,0.5431,-0.8382,0,-0.038,0.8376,0.545,0,0,0.7528,0,1]},
{"frame":6,"values":[0.9981,0.0532,-0.0326,0,-0.0495,0.3581,-0.9324,0,-0.038,0.9322,0.3601,0,0,0.7528,0,1]},
{"frame":7,"values":[0.9981,0.0462,-0.0419,0,-0.0495,0.178,-0.9828,0,-0.038,0.9829,0.18,0,0,0.7528,0,1]},
{"frame":8,"values":[0.9981,0.0395,-0.0484,0,-0.0495,0.0297,-0.9983,0,-0.038,0.9988,0.0316,0,0,0.7528,0,1]},
{"frame":9,"values":[0.9981,0.0345,-0.052,0,-0.0495,-0.0682,-0.9964,0,-0.038,0.9971,-0.0663,0,0,0.7528,0,1]},
{"frame":10,"values":[0.9981,0.0327,-0.0532,0,-0.0495,-0.1034,-0.9934,0,-0.038,0.9941,-0.1016,0,0,0.7528,0,1]},
{"frame":11,"values":[0.9981,0.0345,-0.052,0,-0.0495,-0.0682,-0.9964,0,-0.038,0.9971,-0.0663,0,0,0.7528,0,1]},
{"frame":12,"values":[0.9981,0.0395,-0.0484,0,-0.0495,0.0297,-0.9983,0,-0.038,0.9988,0.0316,0,0,0.7528,0,1]},
{"frame":13,"values":[0.9981,0.0462,-0.0419,0,-0.0495,0.178,-0.9828,0,-0.038,0.9829,0.18,0,0,0.7528,0,1]},
{"frame":14,"values":[0.9981,0.0532,-0.0326,0,-0.0495,0.3581,-0.9324,0,-0.038,0.9322,0.3601,0,0,0.7528,0,1]},
{"frame":15,"values":[0.9981,0.0588,-0.0209,0,-0.0495,0.5431,-0.8382,0,-0.038,0.8376,0.545,0,0,0.7528,0,1]},
{"frame":16,"values":[0.9981,0.0619,-0.0083,0,-0.0495,0.7046,-0.7079,0,-0.038,0.7069,0.7063,0,0,0.7528,0,1]},
{"frame":17,"values":[0.9981,0.0623,0.0034,0,-0.0495,0.8242,-0.5641,0,-0.038,0.5628,0.8257,0,0,0.7528,0,1]},
{"frame":18,"values":[0.9981,0.0611,0.0126,0,-0.0495,0.899,-0.4351,0,-0.038,0.4336,0.9003,0,0,0.7528,0,1]},
{"frame":19,"values":[0.9981,0.0596,0.0186,0,-0.0495,0.9373,-0.345,0,-0.038,0.3434,0.9384,0,0,0.7528,0,1]},
{"frame":20,"values":[0.9981,0.0589,0.0207,0,-0.0495,0.9489,-0.3116,0,-0.038,0.31,0.95,0,0,0.7528,0,1]},
{"frame":30,"values":[0.9981,0.0246,0.0573,0,-0.0495,0.8716,0.4877,0,-0.038,-0.4896,0.8711,0,0,0.7528,0,1]},
{"frame":31,"values":[0.9981,0.0247,0.0573,0,-0.0495,0.8722,0.4865,0,-0.038,-0.4884,0.8718,0,0,0.7528,0,1]},
{"frame":32,"values":[0.9981,0.0249,0.0572,0,-0.0495,0.874,0.4834,0,-0.038,-0.4853,0.8735,0,0,0.7528,0,1]},
{"frame":33,"values":[0.9981,0.0252,0.0571,0,-0.0495,0.8765,0.4788,0,-0.038,-0.4807,0.8761,0,0,0.7528,0,1]},
{"frame":34,"values":[0.9981,0.0256,0.0569,0,-0.0495,0.8796,0.4731,0,-0.038,-0.475,0.8792,0,0,0.7528,0,1]},
{"frame":35,"values":[0.9981,0.026,0.0567,0,-0.0495,0.8829,0.4669,0,-0.038,-0.4688,0.8825,0,0,0.7528,0,1]},
{"frame":36,"values":[0.9981,0.0264,0.0565,0,-0.0495,0.8862,0.4607,0,-0.038,-0.4626,0.8857,0,0,0.7528,0,1]},
{"frame":37,"values":[0.9981,0.0268,0.0564,0,-0.0495,0.8891,0.455,0,-0.038,-0.4569,0.8887,0,0,0.7528,0,1]},
{"frame":38,"values":[0.9981,0.0271,0.0562,0,-0.0495,0.8915,0.4503,0,-0.038,-0.4522,0.8911,0,0,0.7528,0,1]},
{"frame":39,"values":[0.9981,0.0273,0.0561,0,-0.0495,0.8931,0.4471,0,-0.038,-0.449,0.8927,0,0,0.7528,0,1]},
{"frame":40,"values":[0.9981,0.0273,0.0561,0,-0.0495,0.8937,0.4459,0,-0.038,-0.4478,0.8933,0,0,0.7528,0,1]},
{"frame":41,"values":[0.9981,0.0273,0.0561,0,-0.0495,0.8931,0.4471,0,-0.038,-0.449,0.8927,0,0,0.7528,0,1]},
{"frame":42,"values":[0.9981,0.0271,0.0562,0,-0.0495,0.8915,0.4503,0,-0.038,-0.4522,0.8911,0,0,0.7528,0,1]},
{"frame":43,"values":[0.9981,0.0268,0.0564,0,-0.0495,0.8891,0.455,0,-0.038,-0.4569,0.8887,0,0,0.7528,0,1]},
{"frame":44,"values":[0.9981,0.0264,0.0565,0,-0.0495,0.8862,0.4607,0,-0.038,-0.4626,0.8857,0,0,0.7528,0,1]},
{"frame":45,"values":[0.9981,0.026,0.0567,0,-0.0495,0.8829,0.4669,0,-0.038,-0.4688,0.8825,0,0,0.7528,0,1]},
{"frame":46,"values":[0.9981,0.0256,0.0569,0,-0.0495,0.8796,0.4731,0,-0.038,-0.475,0.8792,0,0,0.7528,0,1]},
{"frame":47,"values":[0.9981,0.0252,0.0571,0,-0.0495,0.8765,0.4788,0,-0.038,-0.4807,0.8761,0,0,0.7528,0,1]},
{"frame":48,"values":[0.9981,0.0249,0.0572,0,-0.0495,0.874,0.4834,0,-0.038,-0.4853,0.8735,0,0,0.7528,0,1]},
{"frame":49,"values":[0.9981,0.0247,0.0573,0,-0.0495,0.8722,0.4865,0,-0.038,-0.4884,0.8718,0,0,0.7528,0,1]},
{"frame":50,"values":[0.9981,0.0246,0.0573,0,-0.0495,0.8716,0.4877,0,-0.038,-0.4896,0.8711,0,0,0.7528,0,1]}],"loopBehavior":1,"name":"anim","property":"_matrix"}},
{"name":"front_foot.L","index":15,"matrix":[0.9984,-0.0332,-0.0449,0,0.0153,0.9359,-0.352,0,0.0537,0.3508,0.9349,0,0,0.7749,0,1],"rest":[0.9984,-0.0332,-0.0449,0,0.0153,0.9359,-0.352,0,0.0537,0.3508,0.9349,0,0,0.7749,0,1],"parentBoneIndex":14,"length":0.4175
,"animation":{"dataType":3,"framePerSecond":24,"keys":[
{"frame":0,"values":[0.9984,-0.0332,-0.0449,0,0.0153,0.9359,-0.352,0,0.0537,0.3508,0.9349,0,0,0.7749,0,1]},
{"frame":1,"values":[0.9985,-0.0331,-0.0446,0,0.0161,0.9411,-0.3379,0,0.0532,0.3366,0.9401,0,0,0.7749,0,1]},
{"frame":2,"values":[0.9985,-0.0329,-0.044,0,0.0183,0.9541,-0.2989,0,0.0518,0.2976,0.9533,0,0,0.7749,0,1]},
{"frame":3,"values":[0.9985,-0.0325,-0.0429,0,0.0213,0.9705,-0.2403,0,0.0495,0.239,0.9698,0,0,0.7749,0,1]},
{"frame":4,"values":[0.9986,-0.0322,-0.0417,0,0.0248,0.9856,-0.1675,0,0.0464,0.1662,0.985,0,0,0.7749,0,1]},
{"frame":5,"values":[0.9987,-0.032,-0.0402,0,0.0284,0.9958,-0.087,0,0.0429,0.0858,0.9954,0,0,0.7749,0,1]},
{"frame":6,"values":[0.9987,-0.0318,-0.0388,0,0.0316,0.9995,-0.006,0,0.039,0.0048,0.9992,0,0,0.7749,0,1]},
{"frame":7,"values":[0.9988,-0.0318,-0.0375,0,0.0343,0.9971,0.0683,0,0.0352,-0.0695,0.997,0,0,0.7749,0,1]},
{"frame":8,"values":[0.9988,-0.0319,-0.0364,0,0.0363,0.991,0.1289,0,0.032,-0.1301,0.991,0,0,0.7749,0,1]},
{"frame":9,"values":[0.9989,-0.032,-0.0357,0,0.0376,0.9848,0.1696,0,0.0297,-0.1707,0.9849,0,0,0.7749,0,1]},
{"frame":10,"values":[0.9989,-0.032,-0.0354,0,0.038,0.9821,0.1844,0,0.0289,-0.1856,0.9822,0,0,0.7749,0,1]},
{"frame":11,"values":[0.9989,-0.032,-0.0357,0,0.0376,0.9848,0.1696,0,0.0297,-0.1707,0.9849,0,0,0.7749,0,1]},
{"frame":12,"values":[0.9988,-0.0319,-0.0364,0,0.0363,0.991,0.1289,0,0.032,-0.1301,0.991,0,0,0.7749,0,1]},
{"frame":13,"values":[0.9988,-0.0318,-0.0375,0,0.0343,0.9971,0.0683,0,0.0352,-0.0695,0.997,0,0,0.7749,0,1]},
{"frame":14,"values":[0.9987,-0.0318,-0.0388,0,0.0316,0.9995,-0.006,0,0.039,0.0047,0.9992,0,0,0.7749,0,1]},
{"frame":15,"values":[0.9987,-0.032,-0.0402,0,0.0284,0.9958,-0.087,0,0.0429,0.0858,0.9954,0,0,0.7749,0,1]},
{"frame":16,"values":[0.9986,-0.0322,-0.0417,0,0.0248,0.9856,-0.1675,0,0.0464,0.1662,0.985,0,0,0.7749,0,1]},
{"frame":17,"values":[0.9985,-0.0325,-0.0429,0,0.0213,0.9705,-0.2403,0,0.0495,0.239,0.9698,0,0,0.7749,0,1]},
{"frame":18,"values":[0.9985,-0.0329,-0.044,0,0.0183,0.9541,-0.2989,0,0.0518,0.2976,0.9533,0,0,0.7749,0,1]},
{"frame":19,"values":[0.9985,-0.0331,-0.0446,0,0.0161,0.9411,-0.3379,0,0.0532,0.3366,0.9401,0,0,0.7749,0,1]},
{"frame":20,"values":[0.9984,-0.0332,-0.0449,0,0.0153,0.9359,-0.352,0,0.0537,0.3508,0.9349,0,0,0.7749,0,1]},
{"frame":30,"values":[0.9972,-0.0494,-0.0557,0,-0.053,0.0529,-0.9972,0,0.0522,0.9974,0.0501,0,0,0.7749,0,1]},
{"frame":31,"values":[0.9972,-0.0491,-0.0557,0,-0.0524,0.0656,-0.9965,0,0.0526,0.9966,0.0629,0,0,0.7749,0,1]},
{"frame":32,"values":[0.9973,-0.0485,-0.0556,0,-0.0505,0.1003,-0.9937,0,0.0538,0.9938,0.0976,0,0,0.7749,0,1]},
{"frame":33,"values":[0.9973,-0.0476,-0.0556,0,-0.0478,0.1514,-0.9873,0,0.0554,0.9873,0.1487,0,0,0.7749,0,1]},
{"frame":34,"values":[0.9974,-0.0465,-0.0554,0,-0.0443,0.2131,-0.976,0,0.0572,0.9759,0.2105,0,0,0.7749,0,1]},
{"frame":35,"values":[0.9974,-0.0453,-0.0552,0,-0.0404,0.2794,-0.9593,0,0.0589,0.9591,0.2769,0,0,0.7749,0,1]},
{"frame":36,"values":[0.9975,-0.0441,-0.0548,0,-0.0363,0.3444,-0.9381,0,0.0603,0.9378,0.3419,0,0,0.7749,0,1]},
{"frame":37,"values":[0.9976,-0.0431,-0.0545,0,-0.0325,0.4026,-0.9148,0,0.0613,0.9144,0.4002,0,0,0.7749,0,1]},
{"frame":38,"values":[0.9976,-0.0423,-0.0541,0,-0.0294,0.4492,-0.893,0,0.062,0.8924,0.4469,0,0,0.7749,0,1]},
{"frame":39,"values":[0.9977,-0.0417,-0.0538,0,-0.0273,0.48,-0.8768,0,0.0624,0.8763,0.4777,0,0,0.7749,0,1]},
{"frame":40,"values":[0.9977,-0.0415,-0.0537,0,-0.0265,0.4912,-0.8707,0,0.0625,0.8701,0.4889,0,0,0.7749,0,1]},
{"frame":41,"values":[0.9977,-0.0417,-0.0538,0,-0.0273,0.48,-0.8768,0,0.0624,0.8763,0.4777,0,0,0.7749,0,1]},
{"frame":42,"values":[0.9976,-0.0423,-0.0541,0,-0.0294,0.4492,-0.893,0,0.062,0.8924,0.4469,0,0,0.7749,0,1]},
{"frame":43,"values":[0.9976,-0.0431,-0.0545,0,-0.0325,0.4026,-0.9148,0,0.0613,0.9144,0.4002,0,0,0.7749,0,1]},
{"frame":44,"values":[0.9975,-0.0441,-0.0548,0,-0.0363,0.3444,-0.9381,0,0.0603,0.9378,0.3419,0,0,0.7749,0,1]},
{"frame":45,"values":[0.9974,-0.0453,-0.0552,0,-0.0404,0.2794,-0.9593,0,0.0589,0.9591,0.2769,0,0,0.7749,0,1]},
{"frame":46,"values":[0.9974,-0.0465,-0.0554,0,-0.0443,0.2131,-0.976,0,0.0572,0.9759,0.2105,0,0,0.7749,0,1]},
{"frame":47,"values":[0.9973,-0.0476,-0.0556,0,-0.0478,0.1514,-0.9873,0,0.0554,0.9873,0.1487,0,0,0.7749,0,1]},
{"frame":48,"values":[0.9973,-0.0485,-0.0556,0,-0.0505,0.1003,-0.9937,0,0.0538,0.9938,0.0976,0,0,0.7749,0,1]},
{"frame":49,"values":[0.9972,-0.0491,-0.0557,0,-0.0524,0.0656,-0.9965,0,0.0526,0.9966,0.0629,0,0,0.7749,0,1]},
{"frame":50,"values":[0.9972,-0.0494,-0.0557,0,-0.053,0.0529,-0.9972,0,0.0522,0.9974,0.0501,0,0,0.7749,0,1]}],"loopBehavior":1,"name":"anim","property":"_matrix"}},
{"name":"front_toe.L","index":16,"matrix":[-0.9998,0.0177,-0.0007,0,0.008,0.4162,-0.9092,0,-0.0158,-0.9091,-0.4163,0,0,0.4175,0,1],"rest":[-0.9998,0.0177,-0.0007,0,0.008,0.4163,-0.9092,0,-0.0158,-0.9091,-0.4163,0,0,0.4175,0,1],"parentBoneIndex":15,"length":0.255
,"animation":{"dataType":3,"framePerSecond":24,"keys":[
{"frame":0,"values":[-0.9998,0.0177,-0.0007,0,0.008,0.4162,-0.9092,0,-0.0158,-0.9091,-0.4163,0,0,0.4175,0,1]},
{"frame":1,"values":[-0.9998,0.0177,-0.0007,0,0.0085,0.4435,-0.8962,0,-0.0155,-0.8961,-0.4436,0,0,0.4175,0,1]},
{"frame":2,"values":[-0.9998,0.0177,-0.0007,0,0.0098,0.5163,-0.8563,0,-0.0148,-0.8562,-0.5164,0,0,0.4175,0,1]},
{"frame":3,"values":[-0.9998,0.0177,-0.0007,0,0.0116,0.6193,-0.7851,0,-0.0134,-0.7849,-0.6194,0,0,0.4175,0,1]},
{"frame":4,"values":[-0.9998,0.0177,-0.0007,0,0.0135,0.7335,-0.6795,0,-0.0115,-0.6794,-0.7336,0,0,0.4175,0,1]},
{"frame":5,"values":[-0.9998,0.0177,-0.0007,0,0.0153,0.8388,-0.5442,0,-0.009,-0.5441,-0.839,0,0,0.4175,0,1]},
{"frame":6,"values":[-0.9998,0.0177,-0.0007,0,0.0166,0.9195,-0.3928,0,-0.0063,-0.3927,-0.9196,0,0,0.4175,0,1]},
{"frame":7,"values":[-0.9998,0.0177,-0.0007,0,0.0173,0.9693,-0.2455,0,-0.0036,-0.2454,-0.9694,0,0,0.4175,0,1]},
{"frame":8,"values":[-0.9998,0.0177,-0.0007,0,0.0177,0.9923,-0.1223,0,-0.0014,-0.1223,-0.9925,0,0,0.4175,0,1]},
{"frame":9,"values":[-0.9998,0.0177,-0.0007,0,0.0177,0.9991,-0.0395,0,0,-0.0395,-0.9992,0,0,0.4175,0,1]},
{"frame":10,"values":[-0.9998,0.0177,-0.0007,0,0.0177,0.9998,-0.0094,0,0.0006,-0.0094,-1,0,0,0.4175,0,1]},
{"frame":11,"values":[-0.9998,0.0177,-0.0007,0,0.0177,0.9991,-0.0395,0,0,-0.0395,-0.9992,0,0,0.4175,0,1]},
{"frame":12,"values":[-0.9998,0.0177,-0.0007,0,0.0177,0.9923,-0.1223,0,-0.0014,-0.1223,-0.9925,0,0,0.4175,0,1]},
{"frame":13,"values":[-0.9998,0.0177,-0.0007,0,0.0173,0.9693,-0.2455,0,-0.0036,-0.2454,-0.9694,0,0,0.4175,0,1]},
{"frame":14,"values":[-0.9998,0.0177,-0.0007,0,0.0166,0.9195,-0.3928,0,-0.0063,-0.3927,-0.9196,0,0,0.4175,0,1]},
{"frame":15,"values":[-0.9998,0.0177,-0.0007,0,0.0153,0.8388,-0.5442,0,-0.009,-0.5441,-0.839,0,0,0.4175,0,1]},
{"frame":16,"values":[-0.9998,0.0177,-0.0007,0,0.0135,0.7335,-0.6795,0,-0.0115,-0.6794,-0.7336,0,0,0.4175,0,1]},
{"frame":17,"values":[-0.9998,0.0177,-0.0007,0,0.0116,0.6193,-0.7851,0,-0.0134,-0.7849,-0.6194,0,0,0.4175,0,1]},
{"frame":18,"values":[-0.9998,0.0177,-0.0007,0,0.0098,0.5163,-0.8563,0,-0.0148,-0.8562,-0.5164,0,0,0.4175,0,1]},
{"frame":19,"values":[-0.9998,0.0177,-0.0007,0,0.0085,0.4435,-0.8962,0,-0.0155,-0.8961,-0.4436,0,0,0.4175,0,1]},
{"frame":20,"values":[-0.9998,0.0177,-0.0007,0,0.008,0.4162,-0.9092,0,-0.0158,-0.9091,-0.4163,0,0,0.4175,0,1]},
{"frame":30,"values":[-0.9998,0.0177,-0.0007,0,0.0121,0.6515,-0.7585,0,-0.013,-0.7584,-0.6516,0,0,0.4175,0,1]},
{"frame":31,"values":[-0.9998,0.0177,-0.0007,0,0.0119,0.642,-0.7666,0,-0.0131,-0.7665,-0.6421,0,0,0.4175,0,1]},
{"frame":32,"values":[-0.9998,0.0177,-0.0007,0,0.0115,0.6154,-0.7881,0,-0.0135,-0.788,-0.6155,0,0,0.4175,0,1]},
{"frame":33,"values":[-0.9998,0.0177,-0.0007,0,0.0108,0.5749,-0.8182,0,-0.0141,-0.818,-0.575,0,0,0.4175,0,1]},
{"frame":34,"values":[-0.9998,0.0177,-0.0007,0,0.0099,0.5235,-0.852,0,-0.0147,-0.8518,-0.5236,0,0,0.4175,0,1]},
{"frame":35,"values":[-0.9998,0.0177,-0.0007,0,0.0089,0.4652,-0.8851,0,-0.0153,-0.885,-0.4653,0,0,0.4175,0,1]},
{"frame":36,"values":[-0.9998,0.0177,-0.0007,0,0.0078,0.4049,-0.9143,0,-0.0159,-0.9142,-0.4049,0,0,0.4175,0,1]},
{"frame":37,"values":[-0.9998,0.0177,-0.0007,0,0.0069,0.3479,-0.9375,0,-0.0163,-0.9374,-0.348,0,0,0.4175,0,1]},
{"frame":38,"values":[-0.9998,0.0177,-0.0007,0,0.006,0.3002,-0.9539,0,-0.0167,-0.9537,-0.3002,0,0,0.4175,0,1]},
{"frame":39,"values":[-0.9998,0.0177,-0.0007,0,0.0055,0.2674,-0.9636,0,-0.0169,-0.9634,-0.2675,0,0,0.4175,0,1]},
{"frame":40,"values":[-0.9998,0.0177,-0.0007,0,0.0052,0.2553,-0.9668,0,-0.0169,-0.9667,-0.2554,0,0,0.4175,0,1]},
{"frame":41,"values":[-0.9998,0.0177,-0.0007,0,0.0055,0.2674,-0.9636,0,-0.0169,-0.9634,-0.2675,0,0,0.4175,0,1]},
{"frame":42,"values":[-0.9998,0.0177,-0.0007,0,0.006,0.3002,-0.9539,0,-0.0167,-0.9537,-0.3002,0,0,0.4175,0,1]},
{"frame":43,"values":[-0.9998,0.0177,-0.0007,0,0.0069,0.3479,-0.9375,0,-0.0163,-0.9374,-0.348,0,0,0.4175,0,1]},
{"frame":44,"values":[-0.9998,0.0177,-0.0007,0,0.0078,0.4049,-0.9143,0,-0.0159,-0.9142,-0.4049,0,0,0.4175,0,1]},
{"frame":45,"values":[-0.9998,0.0177,-0.0007,0,0.0089,0.4652,-0.8851,0,-0.0153,-0.885,-0.4653,0,0,0.4175,0,1]},
{"frame":46,"values":[-0.9998,0.0177,-0.0007,0,0.0099,0.5235,-0.852,0,-0.0147,-0.8518,-0.5236,0,0,0.4175,0,1]},
{"frame":47,"values":[-0.9998,0.0177,-0.0007,0,0.0108,0.5749,-0.8182,0,-0.0141,-0.818,-0.575,0,0,0.4175,0,1]},
{"frame":48,"values":[-0.9998,0.0177,-0.0007,0,0.0115,0.6154,-0.7881,0,-0.0135,-0.788,-0.6155,0,0,0.4175,0,1]},
{"frame":49,"values":[-0.9998,0.0177,-0.0007,0,0.0119,0.642,-0.7666,0,-0.0131,-0.7665,-0.6421,0,0,0.4175,0,1]},
{"frame":50,"values":[-0.9998,0.0177,-0.0007,0,0.0121,0.6515,-0.7585,0,-0.013,-0.7584,-0.6516,0,0,0.4175,0,1]}],"loopBehavior":1,"name":"anim","property":"_matrix"}},
{"name":"f_palm.02.L","index":17,"matrix":[-0.99,0.1256,0.0647,0,0.1392,0.9465,0.2911,0,-0.0246,0.2972,-0.9545,0,0.01,-0.075,-0.0148,1],"rest":[-0.99,0.1256,0.0647,0,0.1392,0.9465,0.2911,0,-0.0246,0.2972,-0.9545,0,0.01,-0.075,-0.0148,1],"parentBoneIndex":16,"length":0.143
,"animation":{"dataType":3,"framePerSecond":24,"keys":[
{"frame":0,"values":[-0.99,0.1256,0.0647,0,0.1392,0.9465,0.2911,0,-0.0246,0.2972,-0.9545,0,0.01,-0.075,-0.0148,1]},
{"frame":20,"values":[-0.99,0.1256,0.0647,0,0.1392,0.9465,0.2911,0,-0.0246,0.2972,-0.9545,0,0.01,-0.075,-0.0148,1]},
{"frame":30,"values":[-0.99,0.1256,0.0647,0,0.1392,0.9465,0.2911,0,-0.0246,0.2972,-0.9545,0,0.01,-0.075,-0.0148,1]},
{"frame":50,"values":[-0.99,0.1256,0.0647,0,0.1392,0.9465,0.2911,0,-0.0246,0.2972,-0.9545,0,0.01,-0.075,-0.0148,1]}],"loopBehavior":1,"name":"anim","property":"_matrix"}},
